
CellTypeCount
==================== 
Count,Time, CellType
10.0,2,Fragment-LogNorm
10.0,3,Fragment-LogNorm
10.0,4,Fragment-LogNorm
10.0,5,Fragment-LogNorm
10.0,6,Fragment-LogNorm
10.0,7,Fragment-LogNorm
10.0,8,Fragment-LogNorm
10.0,9,Fragment-LogNorm
10.0,10,Fragment-LogNorm
10.0,11,Fragment-LogNorm
10.0,12,Fragment-LogNorm
10.0,13,Fragment-LogNorm
10.0,14,Fragment-LogNorm
10.0,15,Fragment-LogNorm
10.0,16,Fragment-LogNorm
10.0,17,Fragment-LogNorm
10.0,18,Fragment-LogNorm
10.0,19,Fragment-LogNorm
10.0,20,Fragment-LogNorm
10.0,21,Fragment-LogNorm
10.0,22,Fragment-LogNorm
10.0,23,Fragment-LogNorm
10.0,24,Fragment-LogNorm
10.0,25,Fragment-LogNorm
10.0,26,Fragment-LogNorm
10.0,27,Fragment-LogNorm
10.0,28,Fragment-LogNorm
10.0,29,Fragment-LogNorm
10.0,30,Fragment-LogNorm
10.0,31,Fragment-LogNorm
10.0,32,Fragment-LogNorm
10.0,33,Fragment-LogNorm
10.0,34,Fragment-LogNorm
10.0,35,Fragment-LogNorm
10.0,36,Fragment-LogNorm
10.0,37,Fragment-LogNorm
10.0,38,Fragment-LogNorm
10.0,39,Fragment-LogNorm
10.0,40,Fragment-LogNorm
10.0,41,Fragment-LogNorm
10.0,42,Fragment-LogNorm
10.0,43,Fragment-LogNorm
10.0,44,Fragment-LogNorm
10.0,45,Fragment-LogNorm
10.0,46,Fragment-LogNorm
10.0,47,Fragment-LogNorm
10.0,48,Fragment-LogNorm
10.0,49,Fragment-LogNorm
10.0,50,Fragment-LogNorm
10.0,51,Fragment-LogNorm
10.0,52,Fragment-LogNorm
10.0,53,Fragment-LogNorm
10.0,54,Fragment-LogNorm
10.0,55,Fragment-LogNorm
10.0,56,Fragment-LogNorm
10.0,57,Fragment-LogNorm
11.0,58,Fragment-LogNorm
11.0,59,Fragment-LogNorm
11.0,60,Fragment-LogNorm
11.0,61,Fragment-LogNorm
11.0,62,Fragment-LogNorm
11.0,63,Fragment-LogNorm
11.0,64,Fragment-LogNorm
11.0,65,Fragment-LogNorm
11.0,66,Fragment-LogNorm
11.0,67,Fragment-LogNorm
11.0,68,Fragment-LogNorm
11.0,69,Fragment-LogNorm
11.0,70,Fragment-LogNorm
11.0,71,Fragment-LogNorm
11.0,72,Fragment-LogNorm
11.0,73,Fragment-LogNorm
11.0,74,Fragment-LogNorm
11.0,75,Fragment-LogNorm
11.0,76,Fragment-LogNorm
11.0,77,Fragment-LogNorm
11.0,78,Fragment-LogNorm
11.0,79,Fragment-LogNorm
11.0,80,Fragment-LogNorm
11.0,81,Fragment-LogNorm
11.0,82,Fragment-LogNorm
11.0,83,Fragment-LogNorm
11.0,84,Fragment-LogNorm
11.0,85,Fragment-LogNorm
11.0,86,Fragment-LogNorm
11.0,87,Fragment-LogNorm
11.0,88,Fragment-LogNorm
11.0,89,Fragment-LogNorm
11.0,90,Fragment-LogNorm
11.0,91,Fragment-LogNorm
11.0,92,Fragment-LogNorm
11.0,93,Fragment-LogNorm
11.0,94,Fragment-LogNorm
11.0,95,Fragment-LogNorm
11.0,96,Fragment-LogNorm
11.0,97,Fragment-LogNorm
11.0,98,Fragment-LogNorm
11.0,99,Fragment-LogNorm
11.0,100,Fragment-LogNorm
11.0,101,Fragment-LogNorm
11.0,102,Fragment-LogNorm
11.0,103,Fragment-LogNorm
11.0,104,Fragment-LogNorm
11.0,105,Fragment-LogNorm
11.0,106,Fragment-LogNorm
11.0,107,Fragment-LogNorm
11.0,108,Fragment-LogNorm
11.0,109,Fragment-LogNorm
11.0,110,Fragment-LogNorm
11.0,111,Fragment-LogNorm
11.0,112,Fragment-LogNorm
11.0,113,Fragment-LogNorm
11.0,114,Fragment-LogNorm
11.0,115,Fragment-LogNorm
11.0,116,Fragment-LogNorm
11.0,117,Fragment-LogNorm
11.0,118,Fragment-LogNorm
11.0,119,Fragment-LogNorm
11.0,120,Fragment-LogNorm
11.0,121,Fragment-LogNorm
11.0,122,Fragment-LogNorm
11.0,123,Fragment-LogNorm
11.0,124,Fragment-LogNorm
12.0,125,Fragment-LogNorm
12.0,126,Fragment-LogNorm
12.0,127,Fragment-LogNorm
12.0,128,Fragment-LogNorm
12.0,129,Fragment-LogNorm
12.0,130,Fragment-LogNorm
12.0,131,Fragment-LogNorm
12.0,132,Fragment-LogNorm
12.0,133,Fragment-LogNorm
12.0,134,Fragment-LogNorm
12.0,135,Fragment-LogNorm
13.0,136,Fragment-LogNorm
13.0,137,Fragment-LogNorm
13.0,138,Fragment-LogNorm
13.0,139,Fragment-LogNorm
13.0,140,Fragment-LogNorm
13.0,141,Fragment-LogNorm
13.0,142,Fragment-LogNorm
13.0,143,Fragment-LogNorm
13.0,144,Fragment-LogNorm
13.0,145,Fragment-LogNorm
13.0,146,Fragment-LogNorm
13.0,147,Fragment-LogNorm
13.0,148,Fragment-LogNorm
13.0,149,Fragment-LogNorm
13.0,150,Fragment-LogNorm
13.0,151,Fragment-LogNorm
13.0,152,Fragment-LogNorm
13.0,153,Fragment-LogNorm
13.0,154,Fragment-LogNorm
13.0,155,Fragment-LogNorm
13.0,156,Fragment-LogNorm
13.0,157,Fragment-LogNorm
13.0,158,Fragment-LogNorm
13.0,159,Fragment-LogNorm
13.0,160,Fragment-LogNorm
13.0,161,Fragment-LogNorm
13.0,162,Fragment-LogNorm
13.0,163,Fragment-LogNorm
13.0,164,Fragment-LogNorm
13.0,165,Fragment-LogNorm
13.0,166,Fragment-LogNorm
13.0,167,Fragment-LogNorm
13.0,168,Fragment-LogNorm
13.0,169,Fragment-LogNorm
13.0,170,Fragment-LogNorm
14.0,171,Fragment-LogNorm
14.0,172,Fragment-LogNorm
14.0,173,Fragment-LogNorm
14.0,174,Fragment-LogNorm
14.0,175,Fragment-LogNorm
14.0,176,Fragment-LogNorm
14.0,177,Fragment-LogNorm
14.0,178,Fragment-LogNorm
14.0,179,Fragment-LogNorm
14.0,180,Fragment-LogNorm
14.0,181,Fragment-LogNorm
14.0,182,Fragment-LogNorm
14.0,183,Fragment-LogNorm
14.0,184,Fragment-LogNorm
14.0,185,Fragment-LogNorm
14.0,186,Fragment-LogNorm
14.0,187,Fragment-LogNorm
14.0,188,Fragment-LogNorm
14.0,189,Fragment-LogNorm
14.0,190,Fragment-LogNorm
14.0,191,Fragment-LogNorm
14.0,192,Fragment-LogNorm
14.0,193,Fragment-LogNorm
14.0,194,Fragment-LogNorm
14.0,195,Fragment-LogNorm
14.0,196,Fragment-LogNorm
14.0,197,Fragment-LogNorm
14.0,198,Fragment-LogNorm
14.0,199,Fragment-LogNorm
14.0,200,Fragment-LogNorm
14.0,201,Fragment-LogNorm
14.0,202,Fragment-LogNorm
14.0,203,Fragment-LogNorm
14.0,204,Fragment-LogNorm
14.0,205,Fragment-LogNorm
14.0,206,Fragment-LogNorm
14.0,207,Fragment-LogNorm
14.0,208,Fragment-LogNorm
14.0,209,Fragment-LogNorm
14.0,210,Fragment-LogNorm
14.0,211,Fragment-LogNorm
14.0,212,Fragment-LogNorm
14.0,213,Fragment-LogNorm
14.0,214,Fragment-LogNorm
14.0,215,Fragment-LogNorm
14.0,216,Fragment-LogNorm
14.0,217,Fragment-LogNorm
14.0,218,Fragment-LogNorm
14.0,219,Fragment-LogNorm
14.0,220,Fragment-LogNorm
14.0,221,Fragment-LogNorm
14.0,222,Fragment-LogNorm
15.0,223,Fragment-LogNorm
15.0,224,Fragment-LogNorm
15.0,225,Fragment-LogNorm
15.0,226,Fragment-LogNorm
15.0,227,Fragment-LogNorm
15.0,228,Fragment-LogNorm
15.0,229,Fragment-LogNorm
15.0,230,Fragment-LogNorm
15.0,231,Fragment-LogNorm
15.0,232,Fragment-LogNorm
15.0,233,Fragment-LogNorm
15.0,234,Fragment-LogNorm
15.0,235,Fragment-LogNorm
15.0,236,Fragment-LogNorm
15.0,237,Fragment-LogNorm
16.0,238,Fragment-LogNorm
16.0,239,Fragment-LogNorm
16.0,240,Fragment-LogNorm
16.0,241,Fragment-LogNorm
16.0,242,Fragment-LogNorm
16.0,243,Fragment-LogNorm
16.0,244,Fragment-LogNorm
16.0,245,Fragment-LogNorm
16.0,246,Fragment-LogNorm
16.0,247,Fragment-LogNorm
16.0,248,Fragment-LogNorm
16.0,249,Fragment-LogNorm
16.0,250,Fragment-LogNorm
16.0,251,Fragment-LogNorm
16.0,252,Fragment-LogNorm
16.0,253,Fragment-LogNorm
16.0,254,Fragment-LogNorm
16.0,255,Fragment-LogNorm
16.0,256,Fragment-LogNorm
16.0,257,Fragment-LogNorm
16.0,258,Fragment-LogNorm
16.0,259,Fragment-LogNorm
16.0,260,Fragment-LogNorm
16.0,261,Fragment-LogNorm
16.0,262,Fragment-LogNorm
16.0,263,Fragment-LogNorm
16.0,264,Fragment-LogNorm
16.0,265,Fragment-LogNorm
16.0,266,Fragment-LogNorm
16.0,267,Fragment-LogNorm
16.0,268,Fragment-LogNorm
16.0,269,Fragment-LogNorm
16.0,270,Fragment-LogNorm
16.0,271,Fragment-LogNorm
16.0,272,Fragment-LogNorm
16.0,273,Fragment-LogNorm
16.0,274,Fragment-LogNorm
16.0,275,Fragment-LogNorm
16.0,276,Fragment-LogNorm
16.0,277,Fragment-LogNorm
16.0,278,Fragment-LogNorm
16.0,279,Fragment-LogNorm
16.0,280,Fragment-LogNorm
16.0,281,Fragment-LogNorm
16.0,282,Fragment-LogNorm
16.0,283,Fragment-LogNorm
16.0,284,Fragment-LogNorm
16.0,285,Fragment-LogNorm
16.0,286,Fragment-LogNorm
16.0,287,Fragment-LogNorm
16.0,288,Fragment-LogNorm
16.0,289,Fragment-LogNorm
16.0,290,Fragment-LogNorm
16.0,291,Fragment-LogNorm
16.0,292,Fragment-LogNorm
16.0,293,Fragment-LogNorm
16.0,294,Fragment-LogNorm
16.0,295,Fragment-LogNorm
16.0,296,Fragment-LogNorm
16.0,297,Fragment-LogNorm
16.0,298,Fragment-LogNorm
16.0,299,Fragment-LogNorm
16.0,300,Fragment-LogNorm
16.0,301,Fragment-LogNorm
16.0,302,Fragment-LogNorm
16.0,303,Fragment-LogNorm
16.0,304,Fragment-LogNorm
16.0,305,Fragment-LogNorm
16.0,306,Fragment-LogNorm
16.0,307,Fragment-LogNorm
16.0,308,Fragment-LogNorm
16.0,309,Fragment-LogNorm
16.0,310,Fragment-LogNorm
16.0,311,Fragment-LogNorm
16.0,312,Fragment-LogNorm
16.0,313,Fragment-LogNorm
16.0,314,Fragment-LogNorm
16.0,315,Fragment-LogNorm
16.0,316,Fragment-LogNorm
16.0,317,Fragment-LogNorm
16.0,318,Fragment-LogNorm
16.0,319,Fragment-LogNorm
16.0,320,Fragment-LogNorm
16.0,321,Fragment-LogNorm
16.0,322,Fragment-LogNorm
16.0,323,Fragment-LogNorm
16.0,324,Fragment-LogNorm
16.0,325,Fragment-LogNorm
16.0,326,Fragment-LogNorm
16.0,327,Fragment-LogNorm
16.0,328,Fragment-LogNorm
16.0,329,Fragment-LogNorm
16.0,330,Fragment-LogNorm
16.0,331,Fragment-LogNorm
16.0,332,Fragment-LogNorm
16.0,333,Fragment-LogNorm
17.0,334,Fragment-LogNorm
17.0,335,Fragment-LogNorm
17.0,336,Fragment-LogNorm
17.0,337,Fragment-LogNorm
17.0,338,Fragment-LogNorm
17.0,339,Fragment-LogNorm
17.0,340,Fragment-LogNorm
17.0,341,Fragment-LogNorm
17.0,342,Fragment-LogNorm
17.0,343,Fragment-LogNorm
17.0,344,Fragment-LogNorm
17.0,345,Fragment-LogNorm
17.0,346,Fragment-LogNorm
17.0,347,Fragment-LogNorm
17.0,348,Fragment-LogNorm
17.0,349,Fragment-LogNorm
17.0,350,Fragment-LogNorm
17.0,351,Fragment-LogNorm
17.0,352,Fragment-LogNorm
17.0,353,Fragment-LogNorm
17.0,354,Fragment-LogNorm
17.0,355,Fragment-LogNorm
17.0,356,Fragment-LogNorm
17.0,357,Fragment-LogNorm
17.0,358,Fragment-LogNorm
17.0,359,Fragment-LogNorm
17.0,360,Fragment-LogNorm
17.0,361,Fragment-LogNorm
17.0,362,Fragment-LogNorm
17.0,363,Fragment-LogNorm
17.0,364,Fragment-LogNorm
17.0,365,Fragment-LogNorm
17.0,366,Fragment-LogNorm
17.0,367,Fragment-LogNorm
17.0,368,Fragment-LogNorm
17.0,369,Fragment-LogNorm
17.0,370,Fragment-LogNorm
17.0,371,Fragment-LogNorm
17.0,372,Fragment-LogNorm
17.0,373,Fragment-LogNorm
17.0,374,Fragment-LogNorm
17.0,375,Fragment-LogNorm
17.0,376,Fragment-LogNorm
17.0,377,Fragment-LogNorm
17.0,378,Fragment-LogNorm
17.0,379,Fragment-LogNorm
17.0,380,Fragment-LogNorm
17.0,381,Fragment-LogNorm
17.0,382,Fragment-LogNorm
17.0,383,Fragment-LogNorm
17.0,384,Fragment-LogNorm
17.0,385,Fragment-LogNorm
17.0,386,Fragment-LogNorm
17.0,387,Fragment-LogNorm
17.0,388,Fragment-LogNorm
17.0,389,Fragment-LogNorm
17.0,390,Fragment-LogNorm
17.0,391,Fragment-LogNorm
17.0,392,Fragment-LogNorm
17.0,393,Fragment-LogNorm
17.0,394,Fragment-LogNorm
17.0,395,Fragment-LogNorm
17.0,396,Fragment-LogNorm
17.0,397,Fragment-LogNorm
17.0,398,Fragment-LogNorm
17.0,399,Fragment-LogNorm
17.0,400,Fragment-LogNorm
17.0,401,Fragment-LogNorm
17.0,402,Fragment-LogNorm
17.0,403,Fragment-LogNorm
17.0,404,Fragment-LogNorm
17.0,405,Fragment-LogNorm
17.0,406,Fragment-LogNorm
17.0,407,Fragment-LogNorm
17.0,408,Fragment-LogNorm
17.0,409,Fragment-LogNorm
17.0,410,Fragment-LogNorm
17.0,411,Fragment-LogNorm
17.0,412,Fragment-LogNorm
17.0,413,Fragment-LogNorm
17.0,414,Fragment-LogNorm
17.0,415,Fragment-LogNorm
17.0,416,Fragment-LogNorm
17.0,417,Fragment-LogNorm
17.0,418,Fragment-LogNorm
17.0,419,Fragment-LogNorm
17.0,420,Fragment-LogNorm
17.0,421,Fragment-LogNorm
17.0,422,Fragment-LogNorm
17.0,423,Fragment-LogNorm
17.0,424,Fragment-LogNorm
17.0,425,Fragment-LogNorm
17.0,426,Fragment-LogNorm
17.0,427,Fragment-LogNorm
17.0,428,Fragment-LogNorm
17.0,429,Fragment-LogNorm
17.0,430,Fragment-LogNorm
17.0,431,Fragment-LogNorm
17.0,432,Fragment-LogNorm
17.0,433,Fragment-LogNorm
17.0,434,Fragment-LogNorm
17.0,435,Fragment-LogNorm
17.0,436,Fragment-LogNorm
17.0,437,Fragment-LogNorm
17.0,438,Fragment-LogNorm
17.0,439,Fragment-LogNorm
17.0,440,Fragment-LogNorm
17.0,441,Fragment-LogNorm
17.0,442,Fragment-LogNorm
17.0,443,Fragment-LogNorm
17.0,444,Fragment-LogNorm
17.0,445,Fragment-LogNorm
17.0,446,Fragment-LogNorm
17.0,447,Fragment-LogNorm
17.0,448,Fragment-LogNorm
17.0,449,Fragment-LogNorm
17.0,450,Fragment-LogNorm
17.0,451,Fragment-LogNorm
17.0,452,Fragment-LogNorm
17.0,453,Fragment-LogNorm
17.0,454,Fragment-LogNorm
17.0,455,Fragment-LogNorm
17.0,456,Fragment-LogNorm
17.0,457,Fragment-LogNorm
17.0,458,Fragment-LogNorm
17.0,459,Fragment-LogNorm
17.0,460,Fragment-LogNorm
17.0,461,Fragment-LogNorm
17.0,462,Fragment-LogNorm
17.0,463,Fragment-LogNorm
17.0,464,Fragment-LogNorm
17.0,465,Fragment-LogNorm
17.0,466,Fragment-LogNorm
17.0,467,Fragment-LogNorm
17.0,468,Fragment-LogNorm
17.0,469,Fragment-LogNorm
17.0,470,Fragment-LogNorm
17.0,471,Fragment-LogNorm
17.0,472,Fragment-LogNorm
17.0,473,Fragment-LogNorm
17.0,474,Fragment-LogNorm
17.0,475,Fragment-LogNorm
17.0,476,Fragment-LogNorm
17.0,477,Fragment-LogNorm
17.0,478,Fragment-LogNorm
17.0,479,Fragment-LogNorm
17.0,480,Fragment-LogNorm
17.0,481,Fragment-LogNorm
17.0,482,Fragment-LogNorm
17.0,483,Fragment-LogNorm
17.0,484,Fragment-LogNorm
17.0,485,Fragment-LogNorm
17.0,486,Fragment-LogNorm
17.0,487,Fragment-LogNorm
17.0,488,Fragment-LogNorm
17.0,489,Fragment-LogNorm
17.0,490,Fragment-LogNorm
17.0,491,Fragment-LogNorm
17.0,492,Fragment-LogNorm
17.0,493,Fragment-LogNorm
17.0,494,Fragment-LogNorm
17.0,495,Fragment-LogNorm
17.0,496,Fragment-LogNorm
17.0,497,Fragment-LogNorm
17.0,498,Fragment-LogNorm
17.0,499,Fragment-LogNorm
18.0,500,Fragment-LogNorm
18.0,501,Fragment-LogNorm
18.0,502,Fragment-LogNorm
18.0,503,Fragment-LogNorm
18.0,504,Fragment-LogNorm
19.0,505,Fragment-LogNorm
19.0,506,Fragment-LogNorm
19.0,507,Fragment-LogNorm
19.0,508,Fragment-LogNorm
19.0,509,Fragment-LogNorm
19.0,510,Fragment-LogNorm
19.0,511,Fragment-LogNorm
19.0,512,Fragment-LogNorm
19.0,513,Fragment-LogNorm
19.0,514,Fragment-LogNorm
19.0,515,Fragment-LogNorm
19.0,516,Fragment-LogNorm
19.0,517,Fragment-LogNorm
19.0,518,Fragment-LogNorm
19.0,519,Fragment-LogNorm
19.0,520,Fragment-LogNorm
19.0,521,Fragment-LogNorm
19.0,522,Fragment-LogNorm
19.0,523,Fragment-LogNorm
19.0,524,Fragment-LogNorm
19.0,525,Fragment-LogNorm
19.0,526,Fragment-LogNorm
19.0,527,Fragment-LogNorm
19.0,528,Fragment-LogNorm
19.0,529,Fragment-LogNorm
19.0,530,Fragment-LogNorm
19.0,531,Fragment-LogNorm
19.0,532,Fragment-LogNorm
19.0,533,Fragment-LogNorm
19.0,534,Fragment-LogNorm
19.0,535,Fragment-LogNorm
19.0,536,Fragment-LogNorm
19.0,537,Fragment-LogNorm
19.0,538,Fragment-LogNorm
19.0,539,Fragment-LogNorm
19.0,540,Fragment-LogNorm
19.0,541,Fragment-LogNorm
19.0,542,Fragment-LogNorm
19.0,543,Fragment-LogNorm
19.0,544,Fragment-LogNorm
19.0,545,Fragment-LogNorm
19.0,546,Fragment-LogNorm
19.0,547,Fragment-LogNorm
19.0,548,Fragment-LogNorm
19.0,549,Fragment-LogNorm
19.0,550,Fragment-LogNorm
19.0,551,Fragment-LogNorm
19.0,552,Fragment-LogNorm
19.0,553,Fragment-LogNorm
19.0,554,Fragment-LogNorm
19.0,555,Fragment-LogNorm
19.0,556,Fragment-LogNorm
19.0,557,Fragment-LogNorm
19.0,558,Fragment-LogNorm
19.0,559,Fragment-LogNorm
19.0,560,Fragment-LogNorm
19.0,561,Fragment-LogNorm
19.0,562,Fragment-LogNorm
19.0,563,Fragment-LogNorm
19.0,564,Fragment-LogNorm
19.0,565,Fragment-LogNorm
19.0,566,Fragment-LogNorm
19.0,567,Fragment-LogNorm
19.0,568,Fragment-LogNorm
19.0,569,Fragment-LogNorm
19.0,570,Fragment-LogNorm
19.0,571,Fragment-LogNorm
19.0,572,Fragment-LogNorm
19.0,573,Fragment-LogNorm
19.0,574,Fragment-LogNorm
19.0,575,Fragment-LogNorm
19.0,576,Fragment-LogNorm
19.0,577,Fragment-LogNorm
19.0,578,Fragment-LogNorm
19.0,579,Fragment-LogNorm
19.0,580,Fragment-LogNorm
19.0,581,Fragment-LogNorm
19.0,582,Fragment-LogNorm
19.0,583,Fragment-LogNorm
19.0,584,Fragment-LogNorm
19.0,585,Fragment-LogNorm
19.0,586,Fragment-LogNorm
19.0,587,Fragment-LogNorm
19.0,588,Fragment-LogNorm
19.0,589,Fragment-LogNorm
19.0,590,Fragment-LogNorm
19.0,591,Fragment-LogNorm
19.0,592,Fragment-LogNorm
19.0,593,Fragment-LogNorm
20.0,594,Fragment-LogNorm
20.0,595,Fragment-LogNorm
20.0,596,Fragment-LogNorm
20.0,597,Fragment-LogNorm
20.0,598,Fragment-LogNorm
20.0,599,Fragment-LogNorm
20.0,600,Fragment-LogNorm
20.0,601,Fragment-LogNorm
20.0,602,Fragment-LogNorm
18.0,2,Macrophage
18.0,3,Macrophage
18.0,4,Macrophage
18.0,5,Macrophage
18.0,6,Macrophage
18.0,7,Macrophage
18.0,8,Macrophage
18.0,9,Macrophage
18.0,10,Macrophage
18.0,11,Macrophage
18.0,12,Macrophage
18.0,13,Macrophage
18.0,14,Macrophage
18.0,15,Macrophage
18.0,16,Macrophage
18.0,17,Macrophage
18.0,18,Macrophage
18.0,19,Macrophage
18.0,20,Macrophage
18.0,21,Macrophage
18.0,22,Macrophage
18.0,23,Macrophage
18.0,24,Macrophage
18.0,25,Macrophage
18.0,26,Macrophage
18.0,27,Macrophage
18.0,28,Macrophage
18.0,29,Macrophage
18.0,30,Macrophage
18.0,31,Macrophage
18.0,32,Macrophage
18.0,33,Macrophage
18.0,34,Macrophage
18.0,35,Macrophage
18.0,36,Macrophage
18.0,37,Macrophage
18.0,38,Macrophage
18.0,39,Macrophage
18.0,40,Macrophage
18.0,41,Macrophage
18.0,42,Macrophage
18.0,43,Macrophage
18.0,44,Macrophage
18.0,45,Macrophage
18.0,46,Macrophage
18.0,47,Macrophage
18.0,48,Macrophage
18.0,49,Macrophage
18.0,50,Macrophage
18.0,51,Macrophage
18.0,52,Macrophage
18.0,53,Macrophage
18.0,54,Macrophage
18.0,55,Macrophage
18.0,56,Macrophage
18.0,57,Macrophage
18.0,58,Macrophage
18.0,59,Macrophage
18.0,60,Macrophage
18.0,61,Macrophage
18.0,62,Macrophage
18.0,63,Macrophage
18.0,64,Macrophage
18.0,65,Macrophage
18.0,66,Macrophage
18.0,67,Macrophage
18.0,68,Macrophage
18.0,69,Macrophage
18.0,70,Macrophage
18.0,71,Macrophage
18.0,72,Macrophage
18.0,73,Macrophage
18.0,74,Macrophage
18.0,75,Macrophage
18.0,76,Macrophage
18.0,77,Macrophage
18.0,78,Macrophage
18.0,79,Macrophage
18.0,80,Macrophage
18.0,81,Macrophage
18.0,82,Macrophage
18.0,83,Macrophage
18.0,84,Macrophage
18.0,85,Macrophage
18.0,86,Macrophage
18.0,87,Macrophage
18.0,88,Macrophage
18.0,89,Macrophage
18.0,90,Macrophage
18.0,91,Macrophage
18.0,92,Macrophage
18.0,93,Macrophage
18.0,94,Macrophage
18.0,95,Macrophage
18.0,96,Macrophage
18.0,97,Macrophage
18.0,98,Macrophage
18.0,99,Macrophage
18.0,100,Macrophage
18.0,101,Macrophage
18.0,102,Macrophage
18.0,103,Macrophage
18.0,104,Macrophage
18.0,105,Macrophage
18.0,106,Macrophage
18.0,107,Macrophage
18.0,108,Macrophage
18.0,109,Macrophage
18.0,110,Macrophage
18.0,111,Macrophage
18.0,112,Macrophage
18.0,113,Macrophage
18.0,114,Macrophage
18.0,115,Macrophage
18.0,116,Macrophage
18.0,117,Macrophage
18.0,118,Macrophage
18.0,119,Macrophage
18.0,120,Macrophage
18.0,121,Macrophage
18.0,122,Macrophage
18.0,123,Macrophage
18.0,124,Macrophage
18.0,125,Macrophage
18.0,126,Macrophage
18.0,127,Macrophage
18.0,128,Macrophage
18.0,129,Macrophage
18.0,130,Macrophage
18.0,131,Macrophage
18.0,132,Macrophage
18.0,133,Macrophage
18.0,134,Macrophage
18.0,135,Macrophage
18.0,136,Macrophage
18.0,137,Macrophage
18.0,138,Macrophage
18.0,139,Macrophage
18.0,140,Macrophage
18.0,141,Macrophage
18.0,142,Macrophage
18.0,143,Macrophage
18.0,144,Macrophage
18.0,145,Macrophage
18.0,146,Macrophage
18.0,147,Macrophage
18.0,148,Macrophage
18.0,149,Macrophage
18.0,150,Macrophage
18.0,151,Macrophage
18.0,152,Macrophage
18.0,153,Macrophage
18.0,154,Macrophage
18.0,155,Macrophage
18.0,156,Macrophage
18.0,157,Macrophage
18.0,158,Macrophage
18.0,159,Macrophage
18.0,160,Macrophage
18.0,161,Macrophage
18.0,162,Macrophage
18.0,163,Macrophage
18.0,164,Macrophage
18.0,165,Macrophage
18.0,166,Macrophage
18.0,167,Macrophage
18.0,168,Macrophage
18.0,169,Macrophage
18.0,170,Macrophage
18.0,171,Macrophage
18.0,172,Macrophage
18.0,173,Macrophage
18.0,174,Macrophage
18.0,175,Macrophage
18.0,176,Macrophage
18.0,177,Macrophage
18.0,178,Macrophage
18.0,179,Macrophage
18.0,180,Macrophage
18.0,181,Macrophage
18.0,182,Macrophage
18.0,183,Macrophage
18.0,184,Macrophage
18.0,185,Macrophage
18.0,186,Macrophage
18.0,187,Macrophage
18.0,188,Macrophage
18.0,189,Macrophage
18.0,190,Macrophage
18.0,191,Macrophage
18.0,192,Macrophage
18.0,193,Macrophage
18.0,194,Macrophage
18.0,195,Macrophage
18.0,196,Macrophage
18.0,197,Macrophage
18.0,198,Macrophage
18.0,199,Macrophage
18.0,200,Macrophage
18.0,201,Macrophage
18.0,202,Macrophage
18.0,203,Macrophage
18.0,204,Macrophage
18.0,205,Macrophage
18.0,206,Macrophage
18.0,207,Macrophage
18.0,208,Macrophage
18.0,209,Macrophage
18.0,210,Macrophage
18.0,211,Macrophage
18.0,212,Macrophage
18.0,213,Macrophage
18.0,214,Macrophage
18.0,215,Macrophage
18.0,216,Macrophage
18.0,217,Macrophage
18.0,218,Macrophage
18.0,219,Macrophage
18.0,220,Macrophage
18.0,221,Macrophage
18.0,222,Macrophage
18.0,223,Macrophage
18.0,224,Macrophage
18.0,225,Macrophage
18.0,226,Macrophage
18.0,227,Macrophage
18.0,228,Macrophage
18.0,229,Macrophage
18.0,230,Macrophage
18.0,231,Macrophage
18.0,232,Macrophage
18.0,233,Macrophage
18.0,234,Macrophage
18.0,235,Macrophage
18.0,236,Macrophage
18.0,237,Macrophage
18.0,238,Macrophage
18.0,239,Macrophage
18.0,240,Macrophage
18.0,241,Macrophage
18.0,242,Macrophage
18.0,243,Macrophage
18.0,244,Macrophage
18.0,245,Macrophage
18.0,246,Macrophage
18.0,247,Macrophage
18.0,248,Macrophage
18.0,249,Macrophage
18.0,250,Macrophage
18.0,251,Macrophage
18.0,252,Macrophage
18.0,253,Macrophage
18.0,254,Macrophage
18.0,255,Macrophage
18.0,256,Macrophage
18.0,257,Macrophage
18.0,258,Macrophage
18.0,259,Macrophage
18.0,260,Macrophage
18.0,261,Macrophage
18.0,262,Macrophage
18.0,263,Macrophage
18.0,264,Macrophage
18.0,265,Macrophage
18.0,266,Macrophage
18.0,267,Macrophage
18.0,268,Macrophage
18.0,269,Macrophage
18.0,270,Macrophage
18.0,271,Macrophage
18.0,272,Macrophage
18.0,273,Macrophage
18.0,274,Macrophage
18.0,275,Macrophage
18.0,276,Macrophage
18.0,277,Macrophage
18.0,278,Macrophage
18.0,279,Macrophage
18.0,280,Macrophage
18.0,281,Macrophage
18.0,282,Macrophage
18.0,283,Macrophage
18.0,284,Macrophage
18.0,285,Macrophage
18.0,286,Macrophage
18.0,287,Macrophage
18.0,288,Macrophage
18.0,289,Macrophage
18.0,290,Macrophage
18.0,291,Macrophage
18.0,292,Macrophage
18.0,293,Macrophage
18.0,294,Macrophage
18.0,295,Macrophage
18.0,296,Macrophage
18.0,297,Macrophage
18.0,298,Macrophage
18.0,299,Macrophage
18.0,300,Macrophage
18.0,301,Macrophage
18.0,302,Macrophage
18.0,303,Macrophage
18.0,304,Macrophage
18.0,305,Macrophage
18.0,306,Macrophage
18.0,307,Macrophage
18.0,308,Macrophage
18.0,309,Macrophage
18.0,310,Macrophage
18.0,311,Macrophage
18.0,312,Macrophage
18.0,313,Macrophage
18.0,314,Macrophage
18.0,315,Macrophage
18.0,316,Macrophage
18.0,317,Macrophage
18.0,318,Macrophage
18.0,319,Macrophage
18.0,320,Macrophage
18.0,321,Macrophage
18.0,322,Macrophage
18.0,323,Macrophage
18.0,324,Macrophage
18.0,325,Macrophage
18.0,326,Macrophage
18.0,327,Macrophage
18.0,328,Macrophage
18.0,329,Macrophage
18.0,330,Macrophage
18.0,331,Macrophage
18.0,332,Macrophage
18.0,333,Macrophage
18.0,334,Macrophage
18.0,335,Macrophage
18.0,336,Macrophage
18.0,337,Macrophage
18.0,338,Macrophage
18.0,339,Macrophage
18.0,340,Macrophage
18.0,341,Macrophage
18.0,342,Macrophage
18.0,343,Macrophage
18.0,344,Macrophage
18.0,345,Macrophage
18.0,346,Macrophage
18.0,347,Macrophage
18.0,348,Macrophage
18.0,349,Macrophage
18.0,350,Macrophage
18.0,351,Macrophage
18.0,352,Macrophage
18.0,353,Macrophage
18.0,354,Macrophage
18.0,355,Macrophage
18.0,356,Macrophage
18.0,357,Macrophage
18.0,358,Macrophage
18.0,359,Macrophage
18.0,360,Macrophage
18.0,361,Macrophage
18.0,362,Macrophage
18.0,363,Macrophage
18.0,364,Macrophage
18.0,365,Macrophage
18.0,366,Macrophage
18.0,367,Macrophage
18.0,368,Macrophage
18.0,369,Macrophage
18.0,370,Macrophage
18.0,371,Macrophage
18.0,372,Macrophage
18.0,373,Macrophage
18.0,374,Macrophage
18.0,375,Macrophage
18.0,376,Macrophage
18.0,377,Macrophage
18.0,378,Macrophage
18.0,379,Macrophage
18.0,380,Macrophage
18.0,381,Macrophage
18.0,382,Macrophage
18.0,383,Macrophage
18.0,384,Macrophage
18.0,385,Macrophage
18.0,386,Macrophage
18.0,387,Macrophage
18.0,388,Macrophage
18.0,389,Macrophage
18.0,390,Macrophage
18.0,391,Macrophage
18.0,392,Macrophage
18.0,393,Macrophage
18.0,394,Macrophage
18.0,395,Macrophage
18.0,396,Macrophage
18.0,397,Macrophage
18.0,398,Macrophage
18.0,399,Macrophage
18.0,400,Macrophage
18.0,401,Macrophage
18.0,402,Macrophage
18.0,403,Macrophage
18.0,404,Macrophage
18.0,405,Macrophage
18.0,406,Macrophage
18.0,407,Macrophage
18.0,408,Macrophage
18.0,409,Macrophage
18.0,410,Macrophage
18.0,411,Macrophage
18.0,412,Macrophage
18.0,413,Macrophage
18.0,414,Macrophage
18.0,415,Macrophage
18.0,416,Macrophage
18.0,417,Macrophage
18.0,418,Macrophage
18.0,419,Macrophage
18.0,420,Macrophage
18.0,421,Macrophage
18.0,422,Macrophage
18.0,423,Macrophage
18.0,424,Macrophage
18.0,425,Macrophage
18.0,426,Macrophage
18.0,427,Macrophage
18.0,428,Macrophage
18.0,429,Macrophage
18.0,430,Macrophage
18.0,431,Macrophage
18.0,432,Macrophage
18.0,433,Macrophage
18.0,434,Macrophage
18.0,435,Macrophage
18.0,436,Macrophage
18.0,437,Macrophage
18.0,438,Macrophage
18.0,439,Macrophage
18.0,440,Macrophage
18.0,441,Macrophage
18.0,442,Macrophage
18.0,443,Macrophage
18.0,444,Macrophage
18.0,445,Macrophage
18.0,446,Macrophage
18.0,447,Macrophage
18.0,448,Macrophage
18.0,449,Macrophage
18.0,450,Macrophage
18.0,451,Macrophage
18.0,452,Macrophage
18.0,453,Macrophage
18.0,454,Macrophage
18.0,455,Macrophage
18.0,456,Macrophage
18.0,457,Macrophage
18.0,458,Macrophage
18.0,459,Macrophage
18.0,460,Macrophage
18.0,461,Macrophage
18.0,462,Macrophage
18.0,463,Macrophage
18.0,464,Macrophage
18.0,465,Macrophage
18.0,466,Macrophage
18.0,467,Macrophage
18.0,468,Macrophage
18.0,469,Macrophage
18.0,470,Macrophage
18.0,471,Macrophage
18.0,472,Macrophage
18.0,473,Macrophage
18.0,474,Macrophage
18.0,475,Macrophage
18.0,476,Macrophage
18.0,477,Macrophage
18.0,478,Macrophage
18.0,479,Macrophage
18.0,480,Macrophage
18.0,481,Macrophage
18.0,482,Macrophage
18.0,483,Macrophage
18.0,484,Macrophage
18.0,485,Macrophage
18.0,486,Macrophage
18.0,487,Macrophage
18.0,488,Macrophage
18.0,489,Macrophage
18.0,490,Macrophage
18.0,491,Macrophage
18.0,492,Macrophage
18.0,493,Macrophage
18.0,494,Macrophage
18.0,495,Macrophage
18.0,496,Macrophage
18.0,497,Macrophage
18.0,498,Macrophage
18.0,499,Macrophage
18.0,500,Macrophage
18.0,501,Macrophage
18.0,502,Macrophage
18.0,503,Macrophage
18.0,504,Macrophage
18.0,505,Macrophage
18.0,506,Macrophage
18.0,507,Macrophage
18.0,508,Macrophage
18.0,509,Macrophage
18.0,510,Macrophage
18.0,511,Macrophage
18.0,512,Macrophage
18.0,513,Macrophage
18.0,514,Macrophage
18.0,515,Macrophage
18.0,516,Macrophage
18.0,517,Macrophage
18.0,518,Macrophage
18.0,519,Macrophage
18.0,520,Macrophage
18.0,521,Macrophage
18.0,522,Macrophage
18.0,523,Macrophage
18.0,524,Macrophage
18.0,525,Macrophage
18.0,526,Macrophage
18.0,527,Macrophage
18.0,528,Macrophage
18.0,529,Macrophage
18.0,530,Macrophage
18.0,531,Macrophage
18.0,532,Macrophage
18.0,533,Macrophage
18.0,534,Macrophage
18.0,535,Macrophage
18.0,536,Macrophage
18.0,537,Macrophage
18.0,538,Macrophage
18.0,539,Macrophage
18.0,540,Macrophage
18.0,541,Macrophage
18.0,542,Macrophage
18.0,543,Macrophage
18.0,544,Macrophage
18.0,545,Macrophage
18.0,546,Macrophage
18.0,547,Macrophage
18.0,548,Macrophage
18.0,549,Macrophage
18.0,550,Macrophage
18.0,551,Macrophage
18.0,552,Macrophage
18.0,553,Macrophage
18.0,554,Macrophage
18.0,555,Macrophage
18.0,556,Macrophage
18.0,557,Macrophage
18.0,558,Macrophage
18.0,559,Macrophage
18.0,560,Macrophage
18.0,561,Macrophage
18.0,562,Macrophage
18.0,563,Macrophage
18.0,564,Macrophage
18.0,565,Macrophage
18.0,566,Macrophage
18.0,567,Macrophage
18.0,568,Macrophage
18.0,569,Macrophage
18.0,570,Macrophage
18.0,571,Macrophage
18.0,572,Macrophage
18.0,573,Macrophage
18.0,574,Macrophage
18.0,575,Macrophage
18.0,576,Macrophage
18.0,577,Macrophage
18.0,578,Macrophage
18.0,579,Macrophage
18.0,580,Macrophage
18.0,581,Macrophage
18.0,582,Macrophage
18.0,583,Macrophage
18.0,584,Macrophage
18.0,585,Macrophage
18.0,586,Macrophage
18.0,587,Macrophage
18.0,588,Macrophage
18.0,589,Macrophage
18.0,590,Macrophage
18.0,591,Macrophage
18.0,592,Macrophage
18.0,593,Macrophage
18.0,594,Macrophage
18.0,595,Macrophage
18.0,596,Macrophage
18.0,597,Macrophage
18.0,598,Macrophage
18.0,599,Macrophage
18.0,600,Macrophage
18.0,601,Macrophage
18.0,602,Macrophage
